(0, 0, 0, 255)
(0, 0, 0, 255)
(0, 0, 0, 255)
(0, 0, 0, 255)
(0, 0, 0, 255)
(0, 0, 0, 255)
(0, 0, 0, 255)
(0, 0, 0, 255)
(0, 0, 0, 255)
(0, 0, 0, 255)
(0, 0, 0, 255)
(0, 0, 0, 255)
(0, 0, 0, 255)
(0, 0, 0, 255)
(0, 0, 0, 255)
(0, 0, 0, 255)
(0, 0, 0, 255)
(0, 0, 0, 255)
(0, 0, 0, 255)
(0, 0, 0, 255)
(0, 0, 0, 255)
(0, 0, 0, 255)
(0, 0, 0, 255)
(0, 0, 0, 255)
(0, 0, 0, 255)
(0, 0, 0, 255)
(0, 0, 0, 255)
(0, 0, 0, 255)
(0, 0, 0, 255)
(0, 0, 0, 255)
(0, 0, 0, 255)
(0, 0, 0, 255)
(0, 0, 0, 255)
(0, 0, 0, 255)
(0, 0, 0, 255)
(0, 0, 0, 255)
(0, 0, 0, 255)
(0, 0, 0, 255)
(0, 0, 0, 255)
(0, 0, 0, 255)
(0, 0, 0, 255)
(0, 0, 0, 255)
(0, 0, 0, 255)
(0, 0, 0, 255)
(0, 0, 0, 255)
(0, 0, 0, 255)
(0, 0, 0, 255)
(0, 0, 0, 255)
(0, 0, 0, 255)
(0, 0, 0, 255)
(0, 0, 0, 255)
(0, 0, 0, 255)
(0, 0, 0, 255)
(0, 0, 0, 255)
(0, 0, 0, 255)
(0, 0, 0, 255)
(0, 0, 0, 255)
(0, 0, 0, 255)
(0, 0, 0, 255)
(0, 0, 0, 255)
(0, 0, 0, 255)
(0, 0, 0, 255)
(0, 0, 0, 255)
(0, 0, 0, 255)
(0, 0, 0, 255)
(0, 0, 0, 255)
(0, 0, 0, 255)
(0, 0, 0, 255)
(0, 0, 0, 255)
(0, 0, 0, 255)
(0, 0, 0, 255)
(0, 0, 0, 255)
(0, 0, 0, 255)
(0, 0, 0, 255)
(0, 0, 0, 255)
(0, 0, 0, 255)
(0, 0, 0, 255)
(0, 0, 0, 255)
(0, 0, 0, 255)
(0, 0, 0, 255)
(0, 0, 0, 255)
(0, 0, 0, 255)
(0, 0, 0, 255)
(0, 0, 0, 255)
(0, 0, 0, 255)
(0, 0, 0, 255)
(0, 0, 0, 255)
(0, 0, 0, 255)
(0, 0, 0, 255)
(0, 0, 0, 255)
(0, 0, 0, 255)
(0, 0, 0, 255)
(0, 0, 0, 255)
(0, 0, 0, 255)
(0, 0, 0, 255)
(0, 0, 0, 255)
(0, 0, 0, 255)
(0, 0, 0, 255)
(0, 0, 0, 255)
(0, 0, 0, 255)
(0, 0, 0, 255)
(0, 0, 0, 255)
(0, 0, 0, 255)
(252, 255, 252, 255)
(252, 255, 252, 255)
(252, 255, 252, 255)
(252, 255, 252, 255)
(251, 254, 251, 255)
(251, 254, 251, 255)
(251, 254, 251, 255)
(251, 254, 251, 255)
(251, 254, 251, 255)
(251, 254, 251, 255)
(251, 254, 251, 255)
(251, 254, 251, 255)
(251, 254, 251, 255)
(251, 254, 251, 255)
(251, 254, 251, 255)
(251, 254, 251, 255)
(251, 254, 251, 255)
(251, 254, 251, 255)
(251, 254, 251, 255)
(251, 254, 251, 255)
(251, 254, 251, 255)
(251, 254, 251, 255)
(251, 254, 251, 255)
(251, 254, 251, 255)
(251, 254, 251, 255)
(251, 254, 251, 255)
(251, 254, 251, 255)
(251, 254, 251, 255)
(251, 254, 251, 255)
(251, 254, 251, 255)
(251, 254, 251, 255)
(251, 254, 251, 255)
(251, 254, 251, 255)
(251, 254, 251, 255)
(251, 254, 251, 255)
(252, 255, 252, 255)
(252, 255, 252, 255)
(252, 255, 252, 255)
(252, 255, 252, 255)
(252, 255, 252, 255)
(252, 255, 252, 255)
(252, 255, 252, 255)
(252, 255, 252, 255)
(252, 255, 252, 255)
(252, 255, 252, 255)
(252, 255, 252, 255)
(252, 255, 252, 255)
(252, 255, 252, 255)
(252, 255, 252, 255)
(252, 255, 252, 255)
(252, 255, 252, 255)
(252, 255, 252, 255)
(252, 255, 252, 255)
(252, 255, 252, 255)
(252, 255, 252, 255)
(252, 255, 252, 255)
(252, 255, 252, 255)
(252, 255, 252, 255)
(252, 255, 252, 255)
(252, 255, 252, 255)
(252, 255, 252, 255)
(252, 255, 252, 255)
(252, 255, 252, 255)
(252, 255, 252, 255)
(252, 255, 252, 255)
(252, 255, 252, 255)
(252, 255, 252, 255)
(251, 254, 251, 255)
(251, 254, 251, 255)
(251, 254, 251, 255)
(251, 254, 251, 255)
(251, 254, 251, 255)
(251, 254, 251, 255)
(251, 254, 251, 255)
(251, 254, 251, 255)
(251, 254, 251, 255)
(251, 254, 251, 255)
(251, 254, 251, 255)
(251, 254, 251, 255)
(251, 254, 251, 255)
(251, 254, 251, 255)
(251, 254, 251, 255)
(251, 254, 251, 255)
(251, 254, 251, 255)
(251, 254, 251, 255)
(251, 254, 251, 255)
(251, 254, 251, 255)
(251, 254, 251, 255)
(251, 255, 251, 255)
(252, 255, 251, 255)
(252, 255, 251, 255)
(252, 255, 251, 255)
(252, 255, 251, 255)
(252, 255, 251, 255)
(252, 255, 251, 255)
(252, 255, 251, 255)
(252, 255, 251, 255)
(252, 255, 251, 255)
(252, 255, 251, 255)
(252, 255, 251, 255)
(251, 254, 250, 255)
(251, 254, 250, 255)
(251, 254, 250, 255)
(251, 254, 250, 255)
(251, 254, 250, 255)
(251, 254, 250, 255)
(251, 254, 250, 255)
(251, 254, 250, 255)
(250, 253, 249, 255)
(248, 251, 247, 255)
(238, 243, 240, 255)
(232, 238, 235, 255)
(234, 240, 236, 255)
(242, 246, 243, 255)
(251, 254, 250, 255)
(251, 254, 250, 255)
(251, 254, 250, 255)
(251, 254, 250, 255)
(225, 233, 230, 255)
(192, 206, 204, 255)
(147, 170, 170, 255)
(142, 165, 166, 255)
(156, 176, 176, 255)
(200, 213, 210, 255)
(231, 238, 234, 255)
(250, 253, 249, 255)
(251, 254, 250, 255)
(251, 254, 250, 255)
(251, 254, 250, 255)
(251, 254, 250, 255)
(251, 254, 250, 255)
(250, 253, 249, 255)
(247, 251, 247, 255)
(244, 249, 245, 255)
(243, 248, 244, 255)
(244, 248, 245, 255)
(247, 251, 247, 255)
(250, 253, 249, 255)
(251, 254, 250, 255)
(251, 254, 250, 255)
(251, 254, 250, 255)
(252, 255, 251, 255)
(252, 255, 251, 255)
(251, 254, 250, 255)
(249, 252, 248, 255)
(215, 225, 223, 255)
(170, 189, 188, 255)
(128, 154, 155, 255)
(133, 158, 159, 255)
(178, 194, 193, 255)
(223, 231, 228, 255)
(252, 255, 251, 255)
(252, 255, 251, 255)
(252, 255, 251, 255)
(252, 255, 251, 255)
(252, 255, 251, 255)
(252, 255, 251, 255)
(252, 255, 251, 255)
(252, 255, 251, 255)
(252, 255, 251, 255)
(252, 255, 251, 255)
(252, 255, 251, 255)
(252, 255, 251, 255)
(252, 255, 251, 255)
(252, 255, 251, 255)
(252, 255, 251, 255)
(252, 255, 251, 255)
(252, 255, 251, 255)
(252, 255, 251, 255)
(252, 255, 251, 255)
(252, 255, 251, 255)
(252, 255, 251, 255)
(252, 255, 251, 255)
(252, 255, 251, 255)
(252, 255, 251, 255)
(252, 255, 251, 255)
(252, 255, 251, 255)
(252, 255, 251, 255)
(252, 255, 251, 255)
(252, 255, 251, 255)
(252, 255, 251, 255)
(252, 255, 251, 255)
(251, 254, 250, 255)
(247, 251, 247, 255)
(241, 246, 242, 255)
(233, 240, 237, 255)
(225, 233, 230, 255)
(208, 219, 217, 255)
(188, 203, 202, 255)
(166, 186, 185, 255)
(151, 173, 173, 255)
(139, 163, 163, 255)
(129, 155, 156, 255)
(129, 155, 156, 255)
(134, 159, 159, 255)
(152, 173, 173, 255)
(171, 189, 188, 255)
(192, 206, 204, 255)
(209, 219, 217, 255)
(225, 232, 229, 255)
(240, 246, 242, 255)
(248, 252, 248, 255)
(252, 255, 251, 255)
(252, 255, 251, 255)
(252, 255, 251, 255)
(252, 255, 251, 255)
(252, 255, 251, 255)
(252, 255, 251, 255)
(252, 255, 251, 255)
(252, 255, 251, 255)
(252, 255, 251, 255)
(252, 255, 251, 255)
(252, 255, 251, 255)
(252, 255, 251, 255)
(252, 255, 251, 255)
(252, 255, 251, 255)
(252, 255, 251, 255)
(252, 255, 251, 255)
(252, 255, 251, 255)
(252, 255, 251, 255)
(252, 255, 251, 255)
(252, 255, 251, 255)
(252, 255, 251, 255)
(252, 255, 251, 255)
(252, 255, 251, 255)
(252, 255, 251, 255)
(252, 255, 251, 255)
(252, 255, 251, 255)
(252, 255, 251, 255)
(251, 254, 250, 255)
(251, 254, 250, 255)
(251, 254, 250, 255)
(251, 254, 250, 255)
(251, 254, 250, 255)
(251, 254, 250, 255)
(251, 254, 250, 255)
(188, 203, 201, 255)
(76, 111, 114, 255)
(70, 107, 110, 255)
(69, 106, 109, 255)
(68, 105, 108, 255)
(68, 105, 108, 255)
(87, 120, 122, 255)
(201, 213, 211, 255)
(251, 254, 250, 255)
(251, 254, 250, 255)
(250, 254, 250, 255)
(250, 254, 250, 255)
(250, 254, 250, 255)
(250, 254, 250, 255)
(250, 254, 250, 255)
(250, 254, 250, 255)
(250, 254, 250, 255)
(250, 254, 250, 255)
(251, 255, 251, 255)
(251, 255, 251, 255)
(251, 255, 251, 255)
(251, 255, 251, 255)
(251, 255, 251, 255)
(251, 255, 251, 255)
(251, 255, 251, 255)
(251, 255, 251, 255)
(251, 255, 251, 255)
(251, 255, 251, 255)
(251, 255, 251, 255)
(251, 255, 251, 255)
(251, 255, 251, 255)
(250, 255, 250, 255)
(250, 254, 250, 255)
(250, 254, 250, 255)
(250, 254, 250, 255)
(250, 254, 250, 255)
(250, 254, 250, 255)
(250, 254, 250, 255)
(250, 254, 250, 255)
(250, 254, 250, 255)
(250, 254, 250, 255)
(250, 254, 250, 255)
(250, 254, 250, 255)
(250, 254, 250, 255)
(250, 254, 250, 255)
(250, 254, 250, 255)
(250, 254, 250, 255)
(250, 254, 250, 255)
(250, 254, 250, 255)
(251, 255, 251, 255)
(250, 254, 250, 255)
(250, 254, 250, 255)
(250, 254, 250, 255)
(250, 254, 250, 255)
(250, 254, 250, 255)
(250, 254, 250, 255)
(242, 248, 240, 255)
(229, 238, 223, 255)
(225, 235, 218, 255)
(222, 233, 214, 255)
(222, 233, 214, 255)
(222, 233, 214, 255)
(222, 233, 214, 255)
(222, 233, 214, 255)
(222, 233, 214, 255)
(222, 233, 214, 255)
(222, 233, 214, 255)
(222, 233, 214, 255)
(222, 233, 214, 255)
(222, 233, 214, 255)
(222, 233, 214, 255)
(222, 233, 214, 255)
(222, 233, 214, 255)
(222, 233, 214, 255)
(222, 233, 214, 255)
(222, 233, 214, 255)
(222, 233, 214, 255)
(222, 233, 214, 255)
(222, 233, 214, 255)
(222, 233, 214, 255)
(222, 233, 214, 255)
(222, 233, 214, 255)
(222, 233, 214, 255)
(222, 233, 214, 255)
(222, 233, 214, 255)
(222, 233, 214, 255)
(222, 233, 214, 255)
(222, 233, 214, 255)
(222, 233, 214, 255)
(222, 233, 214, 255)
(222, 233, 214, 255)
(222, 233, 214, 255)
(222, 233, 214, 255)
(222, 233, 214, 255)
(222, 233, 214, 255)
(222, 233, 214, 255)
(222, 233, 214, 255)
(222, 233, 214, 255)
(222, 233, 214, 255)
(222, 233, 214, 255)
(222, 233, 214, 255)
(222, 233, 214, 255)
(222, 233, 214, 255)
(222, 233, 214, 255)
(222, 233, 214, 255)
(222, 233, 214, 255)
(222, 233, 214, 255)
(222, 233, 214, 255)
(222, 233, 214, 255)
(219, 231, 212, 255)
(211, 224, 206, 255)
(183, 199, 187, 255)
(139, 163, 156, 255)
(84, 117, 117, 255)
(108, 137, 134, 255)
(143, 166, 159, 255)
(194, 209, 194, 255)
(213, 225, 207, 255)
(219, 230, 212, 255)
(206, 219, 203, 255)
(169, 188, 177, 255)
(114, 143, 139, 255)
(113, 142, 138, 255)
(140, 164, 157, 255)
(208, 221, 204, 255)
(222, 233, 214, 255)
(222, 233, 214, 255)
(222, 233, 214, 255)
(221, 232, 214, 255)
(220, 231, 213, 255)
(197, 213, 197, 255)
(159, 180, 170, 255)
(95, 126, 126, 255)
(94, 126, 125, 255)
(120, 147, 143, 255)
(187, 203, 190, 255)
(217, 229, 211, 255)
(222, 233, 214, 255)
(222, 233, 214, 255)
(222, 233, 214, 255)
(222, 233, 214, 255)
(222, 233, 214, 255)
(222, 233, 214, 255)
(222, 233, 214, 255)
(222, 233, 214, 255)
(222, 233, 214, 255)
(222, 233, 214, 255)
(222, 233, 214, 255)
(222, 233, 214, 255)
(222, 233, 214, 255)
(222, 233, 214, 255)
(222, 233, 214, 255)
(222, 233, 214, 255)
(222, 233, 214, 255)
(222, 233, 214, 255)
(222, 233, 214, 255)
(222, 233, 214, 255)
(222, 233, 214, 255)
(222, 233, 214, 255)
(222, 233, 214, 255)
(222, 233, 214, 255)
(222, 233, 214, 255)
(222, 233, 214, 255)
(222, 233, 214, 255)
(222, 233, 214, 255)
(222, 233, 214, 255)
(222, 233, 214, 255)
(222, 233, 214, 255)
(222, 233, 214, 255)
(222, 233, 214, 255)
(222, 233, 214, 255)
(222, 233, 214, 255)
(222, 233, 214, 255)
(222, 233, 214, 255)
(224, 235, 217, 255)
(236, 243, 231, 255)
(244, 250, 242, 255)
(250, 255, 249, 255)
(250, 255, 249, 255)
(250, 255, 249, 255)
(250, 255, 249, 255)
(250, 255, 249, 255)
(250, 255, 249, 255)
(251, 255, 250, 255)
(251, 255, 250, 255)
(251, 255, 250, 255)
(251, 255, 250, 255)
(251, 255, 250, 255)
(251, 255, 250, 255)
(251, 255, 250, 255)
(251, 255, 250, 255)
(251, 255, 250, 255)
(251, 255, 250, 255)
(250, 254, 249, 255)
(250, 254, 249, 255)
(250, 254, 249, 255)
(250, 254, 249, 255)
(250, 254, 249, 255)
(250, 254, 249, 255)
(250, 254, 249, 255)
(250, 254, 249, 255)
(250, 254, 249, 255)
(250, 254, 249, 255)
(250, 254, 249, 255)
(250, 254, 249, 255)
(250, 254, 249, 255)
(250, 254, 249, 255)
(250, 254, 249, 255)
(250, 254, 249, 255)
(250, 254, 249, 255)
(250, 254, 249, 255)
(250, 254, 249, 255)
(250, 254, 249, 255)
(250, 254, 249, 255)
(250, 254, 249, 255)
(250, 254, 249, 255)
(250, 254, 249, 255)
(250, 254, 249, 255)
(250, 254, 249, 255)
(250, 254, 249, 255)
(250, 255, 249, 255)
(250, 255, 250, 255)
(250, 255, 250, 255)
(250, 255, 250, 255)
(250, 255, 250, 255)
(250, 255, 250, 255)
(250, 255, 250, 255)
(250, 255, 250, 255)
(250, 255, 250, 255)
(250, 255, 250, 255)
(250, 255, 250, 255)
(250, 255, 250, 255)
(250, 255, 250, 255)
(250, 255, 250, 255)
(250, 255, 250, 255)
(250, 255, 250, 255)
(250, 255, 250, 255)
(250, 255, 250, 255)
(250, 255, 250, 255)
(250, 255, 250, 255)
(250, 255, 250, 255)
(250, 255, 250, 255)
(249, 255, 249, 255)
(249, 255, 249, 255)
(249, 254, 249, 255)
(249, 254, 249, 255)
(249, 254, 249, 255)
(249, 254, 249, 255)
(249, 254, 249, 255)
(249, 254, 249, 255)
(249, 254, 249, 255)
(249, 254, 249, 255)
(249, 254, 249, 255)
(249, 254, 249, 255)
(249, 254, 249, 255)
(249, 254, 249, 255)
(249, 254, 249, 255)
(249, 254, 249, 255)
(249, 254, 249, 255)
(249, 254, 249, 255)
(249, 254, 249, 255)
(167, 187, 185, 255)
(88, 122, 124, 255)
(74, 110, 113, 255)
(69, 106, 109, 255)
(68, 105, 108, 255)
(84, 118, 121, 255)
(130, 156, 157, 255)
(216, 227, 223, 255)
(240, 247, 242, 255)
(249, 254, 249, 255)
(249, 254, 249, 255)
(249, 254, 249, 255)
(249, 254, 249, 255)
(249, 254, 249, 255)
(249, 255, 249, 255)
(249, 255, 249, 255)
(250, 255, 249, 255)
(250, 254, 248, 255)
(249, 254, 248, 255)
(224, 234, 229, 255)
(185, 202, 199, 255)
(115, 144, 145, 255)
(74, 109, 112, 255)
(69, 106, 109, 255)
(84, 118, 121, 255)
(112, 141, 142, 255)
(167, 187, 184, 255)
(161, 182, 180, 255)
(122, 150, 150, 255)
(90, 123, 125, 255)
(70, 107, 110, 255)
(68, 105, 108, 255)
(68, 105, 108, 255)
(68, 105, 108, 255)
(70, 107, 110, 255)
(77, 112, 115, 255)
(86, 120, 122, 255)
(113, 142, 142, 255)
(146, 170, 168, 255)
(189, 204, 201, 255)
(221, 231, 226, 255)
(245, 251, 245, 255)
(248, 253, 247, 255)
(249, 254, 248, 255)
(249, 254, 248, 255)
(249, 254, 248, 255)
(249, 254, 248, 255)
(249, 254, 248, 255)
(249, 254, 248, 255)
(249, 254, 248, 255)
(249, 254, 248, 255)
(249, 254, 248, 255)
(249, 254, 248, 255)
(249, 254, 248, 255)
(249, 254, 248, 255)
(249, 254, 248, 255)
(249, 254, 248, 255)
(249, 254, 248, 255)
(249, 254, 248, 255)
(249, 254, 248, 255)
(249, 254, 248, 255)
(249, 254, 248, 255)
(249, 254, 248, 255)
(249, 254, 248, 255)
(249, 254, 248, 255)
(249, 254, 248, 255)
(250, 255, 249, 255)
(250, 255, 249, 255)
(250, 255, 249, 255)
(250, 255, 249, 255)
(250, 255, 249, 255)
(250, 255, 249, 255)
(250, 255, 249, 255)
(250, 255, 249, 255)
(250, 255, 249, 255)
(250, 255, 249, 255)
(250, 255, 249, 255)
(250, 255, 249, 255)
(250, 255, 249, 255)
(250, 255, 249, 255)
(250, 255, 249, 255)
(250, 255, 249, 255)
(250, 255, 249, 255)
(250, 255, 249, 255)
(250, 255, 249, 255)
(250, 255, 249, 255)
(250, 255, 249, 255)
(250, 255, 249, 255)
(250, 255, 249, 255)
(250, 255, 249, 255)
(250, 255, 249, 255)
(250, 255, 249, 255)
(250, 255, 249, 255)
(250, 255, 243, 255)
(252, 255, 202, 255)
(254, 254, 120, 255)
(255, 236, 102, 255)
(255, 222, 97, 255)
(254, 223, 99, 255)
(254, 223, 100, 255)
(255, 224, 101, 255)
(250, 220, 99, 255)
(245, 216, 97, 255)
(240, 211, 94, 255)
(230, 202, 91, 255)
(210, 183, 83, 255)
(158, 135, 61, 255)
(135, 114, 53, 255)
(130, 109, 54, 255)
(155, 137, 94, 255)
(191, 182, 154, 255)
(243, 246, 237, 255)
(250, 255, 249, 255)
(250, 255, 249, 255)
(250, 255, 249, 255)
(250, 255, 249, 255)
(250, 255, 248, 255)
(249, 252, 239, 255)
(247, 239, 190, 255)
(245, 213, 96, 255)
(243, 205, 81, 255)
(241, 201, 80, 255)
(238, 200, 81, 255)
(235, 201, 84, 255)
(233, 204, 88, 255)
(238, 209, 92, 255)
(243, 214, 95, 255)
(247, 218, 98, 255)
(250, 221, 99, 255)
(251, 223, 100, 255)
(252, 223, 100, 255)
(236, 207, 94, 255)
(209, 180, 87, 255)
(149, 133, 104, 255)
(116, 109, 119, 255)
(117, 112, 130, 255)
(117, 113, 131, 255)
(120, 116, 129, 255)
(131, 124, 122, 255)
(165, 149, 106, 255)
(209, 182, 88, 255)
(225, 196, 89, 255)
(236, 206, 92, 255)
(241, 212, 95, 255)
(247, 217, 97, 255)
(251, 222, 98, 255)
(254, 228, 95, 255)
(214, 190, 77, 255)
(154, 132, 55, 255)
(129, 113, 78, 255)
(117, 108, 104, 255)
(120, 119, 134, 255)
(120, 120, 138, 255)
(119, 119, 138, 255)
(119, 119, 138, 255)
(129, 129, 134, 255)
(145, 144, 126, 255)
(191, 172, 98, 255)
(221, 192, 85, 255)
(232, 202, 90, 255)
(240, 213, 95, 255)
(248, 222, 99, 255)
(253, 228, 102, 255)
(202, 177, 76, 255)
(130, 105, 42, 255)
(131, 113, 79, 255)
(134, 126, 116, 255)
(141, 143, 154, 255)
(142, 145, 159, 255)
(143, 146, 159, 255)
(145, 148, 160, 255)
(147, 149, 160, 255)
(147, 149, 161, 255)
(147, 149, 160, 255)
(148, 150, 161, 255)
(150, 151, 162, 255)
(150, 152, 163, 255)
(150, 151, 163, 255)
(148, 150, 160, 255)
(144, 145, 155, 255)
(138, 138, 148, 255)
(134, 134, 143, 255)
(129, 129, 138, 255)
(124, 124, 132, 255)
(124, 124, 128, 255)
(121, 121, 121, 255)
(109, 109, 109, 255)
(84, 84, 84, 255)
(56, 56, 57, 255)
(65, 65, 70, 255)
(81, 81, 89, 255)
(104, 104, 113, 255)
(130, 130, 142, 255)
(149, 149, 163, 255)
(146, 146, 161, 255)
(142, 141, 157, 255)
(137, 136, 153, 255)
(135, 133, 150, 255)
(131, 130, 147, 255)
(128, 127, 142, 255)
(159, 160, 169, 255)
(193, 196, 199, 255)
(221, 226, 225, 255)
(237, 243, 238, 255)
(246, 252, 245, 255)
(247, 253, 245, 255)
(246, 250, 237, 255)
(244, 243, 222, 255)
(237, 231, 199, 255)
(230, 221, 185, 255)
(222, 218, 194, 255)
(230, 231, 217, 255)
(245, 251, 243, 255)
(247, 253, 246, 255)
(248, 254, 247, 255)
(248, 254, 247, 255)
(248, 254, 247, 255)
(248, 254, 247, 255)
(248, 254, 247, 255)
(248, 254, 247, 255)
(248, 254, 247, 255)
(248, 254, 247, 255)
(248, 254, 247, 255)
(248, 254, 247, 255)
(249, 255, 248, 255)
(249, 255, 248, 255)
(249, 255, 248, 255)
(249, 255, 248, 255)
(249, 255, 248, 255)
(249, 255, 248, 255)
(249, 255, 248, 255)
(249, 255, 248, 255)
(249, 255, 248, 255)
(249, 255, 248, 255)
(249, 255, 248, 255)
(249, 255, 248, 255)
(249, 255, 248, 255)
(249, 255, 248, 255)
(249, 255, 248, 255)
(249, 255, 248, 255)
(249, 255, 248, 255)
(249, 255, 248, 255)
(249, 255, 248, 255)
(249, 255, 248, 255)
(249, 255, 248, 255)
(249, 255, 248, 255)
(249, 255, 248, 255)
(249, 255, 248, 255)
(249, 255, 248, 255)
(249, 255, 248, 255)
(249, 255, 248, 255)
(249, 255, 248, 255)
(249, 255, 248, 255)
(249, 255, 248, 255)
(249, 255, 248, 255)
(249, 255, 248, 255)
(249, 255, 248, 255)
(249, 255, 248, 255)
(249, 255, 248, 255)
(249, 255, 248, 255)
(249, 255, 248, 255)
(246, 253, 246, 255)
(235, 244, 238, 255)
(219, 229, 224, 255)
(190, 206, 202, 255)
(164, 184, 182, 255)
(143, 167, 166, 255)
(130, 156, 156, 255)
(120, 149, 149, 255)
(117, 146, 147, 255)
(115, 145, 145, 255)
(115, 145, 144, 255)
(115, 145, 144, 255)
(115, 145, 144, 255)
(115, 145, 144, 255)
(115, 145, 144, 255)
(115, 145, 144, 255)
(115, 145, 144, 255)
(115, 145, 144, 255)
(115, 145, 144, 255)
(115, 144, 144, 255)
(126, 153, 153, 255)
(163, 184, 182, 255)
(207, 220, 216, 255)
(249, 255, 248, 255)
(249, 255, 248, 255)
(249, 255, 248, 255)
(249, 255, 248, 255)
(249, 255, 248, 255)
(249, 255, 248, 255)
(249, 255, 248, 255)
(249, 255, 248, 255)
(249, 255, 248, 255)
(249, 255, 248, 255)
(249, 255, 247, 255)
(248, 254, 247, 255)
(248, 254, 247, 255)
(248, 254, 247, 255)
(248, 254, 247, 255)
(248, 254, 247, 255)
(248, 254, 247, 255)
(248, 254, 247, 255)
(248, 254, 247, 255)
(248, 254, 247, 255)
(248, 254, 247, 255)
(248, 254, 247, 255)
(248, 254, 247, 255)
(248, 254, 247, 255)
(238, 253, 243, 255)
(153, 241, 202, 255)
(111, 235, 183, 255)
(111, 236, 183, 255)
(110, 236, 183, 255)
(109, 237, 183, 255)
(109, 237, 183, 255)
(109, 237, 183, 255)
(109, 237, 183, 255)
(109, 237, 183, 255)
(154, 242, 203, 255)
(240, 253, 244, 255)
(248, 254, 247, 255)
(248, 254, 247, 255)
(248, 254, 247, 255)
(248, 254, 247, 255)
(248, 254, 247, 255)
(248, 254, 247, 255)
(249, 255, 247, 255)
(249, 255, 247, 255)
(249, 255, 247, 255)
(249, 255, 247, 255)
(249, 255, 247, 255)
(249, 255, 247, 255)
(249, 255, 247, 255)
(249, 255, 247, 255)
(249, 255, 247, 255)
(249, 255, 247, 255)
(249, 255, 247, 255)
(249, 255, 247, 255)
(249, 255, 247, 255)
(249, 255, 247, 255)
(249, 255, 247, 255)
(249, 255, 247, 255)
(249, 255, 247, 255)
(249, 255, 247, 255)
(249, 255, 247, 255)
(249, 255, 247, 255)
(249, 255, 247, 255)
(249, 255, 247, 255)
(249, 255, 247, 255)
(249, 255, 247, 255)
(249, 255, 247, 255)
(249, 255, 247, 255)
(249, 255, 247, 255)
(249, 255, 247, 255)
(249, 255, 247, 255)
(249, 255, 247, 255)
(249, 255, 247, 255)
(248, 254, 246, 255)
(248, 254, 246, 255)
(248, 254, 246, 255)
(248, 254, 246, 255)
(248, 254, 246, 255)
(249, 255, 247, 255)
(249, 255, 247, 255)
(249, 255, 247, 255)
(249, 255, 247, 255)
(249, 255, 247, 255)
(249, 255, 247, 255)
(249, 255, 247, 255)
(249, 255, 247, 255)
(249, 255, 247, 255)
(249, 255, 247, 255)
(248, 255, 246, 255)
(248, 255, 246, 255)
(248, 254, 246, 255)
(248, 254, 246, 255)
(248, 254, 246, 255)
(248, 254, 246, 255)
(248, 254, 246, 255)
(248, 254, 246, 255)
(248, 254, 246, 255)
(248, 254, 246, 255)
(248, 254, 246, 255)
(248, 254, 246, 255)
(248, 255, 247, 255)
(248, 255, 247, 255)
(248, 255, 247, 255)
(248, 254, 246, 255)
(245, 252, 244, 255)
(229, 239, 232, 255)
(182, 200, 196, 255)
(108, 139, 139, 255)
(83, 117, 119, 255)
(68, 105, 108, 255)
(68, 105, 108, 255)
(77, 113, 115, 255)
(97, 129, 131, 255)
(161, 182, 179, 255)
(210, 222, 217, 255)
(245, 252, 244, 255)
(247, 254, 246, 255)
(247, 254, 246, 255)
(247, 254, 246, 255)
(243, 250, 243, 255)
(231, 241, 234, 255)
(191, 207, 202, 255)
(137, 162, 161, 255)
(72, 108, 111, 255)
(68, 105, 108, 255)
(70, 107, 110, 255)
(77, 113, 114, 255)
(110, 140, 140, 255)
(155, 177, 174, 255)
(215, 227, 222, 255)
(245, 252, 244, 255)
(247, 254, 246, 255)
(247, 254, 246, 255)
(247, 254, 246, 255)
(247, 254, 246, 255)
(247, 254, 246, 255)
(247, 254, 246, 255)
(247, 254, 246, 255)
(247, 254, 246, 255)
(247, 254, 246, 255)
(243, 251, 243, 255)
(232, 241, 234, 255)
(205, 219, 214, 255)
(145, 169, 167, 255)
(82, 117, 119, 255)
(73, 109, 112, 255)
(69, 106, 109, 255)
(70, 107, 110, 255)
(93, 126, 127, 255)
(137, 163, 161, 255)
(218, 230, 224, 255)
(243, 251, 243, 255)
(248, 255, 247, 255)
(248, 255, 247, 255)
(248, 255, 247, 255)
(248, 255, 247, 255)
(248, 255, 247, 255)
(248, 255, 247, 255)
(248, 255, 247, 255)
(248, 255, 247, 255)
(248, 255, 247, 255)
(248, 255, 247, 255)
(248, 255, 247, 255)
(248, 255, 247, 255)
(248, 255, 247, 255)
(248, 255, 247, 255)
(248, 255, 247, 255)
(248, 255, 247, 255)
(248, 255, 247, 255)
(248, 255, 247, 255)
(248, 255, 247, 255)
(248, 255, 247, 255)
(248, 255, 247, 255)
(248, 255, 247, 255)
(248, 255, 247, 255)
(248, 255, 247, 255)
(248, 255, 247, 255)
(248, 255, 247, 255)
(247, 255, 246, 255)
(247, 255, 246, 255)
(247, 254, 246, 255)
(247, 254, 246, 255)
(247, 254, 246, 255)
(247, 254, 246, 255)
(247, 254, 246, 255)
(247, 254, 246, 255)
(247, 254, 246, 255)
(247, 254, 246, 255)
(247, 254, 246, 255)
(247, 254, 246, 255)
(247, 254, 246, 255)
(247, 254, 246, 255)
(247, 254, 246, 255)
(247, 254, 246, 255)
(247, 254, 246, 255)
(247, 254, 246, 255)
(247, 254, 246, 255)
(247, 254, 246, 255)
(247, 254, 246, 255)
(247, 254, 246, 255)
(247, 254, 246, 255)
(248, 255, 246, 255)
(248, 255, 246, 255)
(248, 255, 246, 255)
(248, 255, 246, 255)
(248, 255, 246, 255)
(248, 255, 246, 255)
(248, 255, 246, 255)
(248, 255, 246, 255)
(248, 255, 246, 255)
(248, 255, 246, 255)
(248, 255, 246, 255)
(250, 254, 189, 255)
(252, 251, 132, 255)
(254, 244, 80, 255)
(254, 241, 68, 255)
(254, 238, 67, 255)
(254, 238, 67, 255)
(254, 236, 68, 255)
(254, 234, 69, 255)
(254, 233, 69, 255)
(253, 231, 68, 255)
(253, 229, 68, 255)
(251, 224, 67, 255)
(250, 219, 65, 255)
(246, 216, 64, 255)
(243, 213, 63, 255)
(238, 210, 62, 255)
(237, 206, 61, 255)
(235, 203, 60, 255)
(231, 200, 59, 255)
(228, 197, 58, 255)
(226, 194, 57, 255)
(226, 192, 57, 255)
(226, 191, 57, 255)
(225, 190, 56, 255)
(223, 189, 56, 255)
(221, 186, 55, 255)
(215, 178, 53, 255)
(211, 171, 50, 255)
(206, 162, 48, 255)
(199, 150, 43, 255)
(192, 139, 46, 255)
(184, 129, 54, 255)
(147, 109, 73, 255)
(123, 96, 84, 255)
(124, 97, 84, 255)
(124, 96, 84, 255)
(123, 96, 83, 255)
(122, 95, 82, 255)
(120, 93, 81, 255)
(118, 91, 79, 255)
(115, 87, 76, 255)
(112, 83, 73, 255)
(109, 81, 70, 255)
(106, 77, 67, 255)
(103, 73, 64, 255)
(99, 70, 62, 255)
(99, 70, 62, 255)
(101, 73, 64, 255)
(103, 75, 65, 255)
(104, 77, 67, 255)
(104, 78, 67, 255)
(107, 81, 50, 255)
(125, 101, 35, 255)
(216, 190, 56, 255)
(255, 228, 65, 255)
(254, 228, 65, 255)
(252, 226, 64, 255)
(250, 223, 64, 255)
(247, 216, 62, 255)
(242, 211, 62, 255)
(238, 206, 61, 255)
(233, 201, 59, 255)
(230, 196, 58, 255)
(227, 192, 57, 255)
(227, 189, 56, 255)
(229, 189, 56, 255)
(233, 195, 57, 255)
(236, 201, 59, 255)
(240, 207, 61, 255)
(244, 213, 63, 255)
(247, 220, 65, 255)
(250, 227, 65, 255)
(253, 229, 66, 255)
(255, 231, 67, 255)
(255, 234, 69, 255)
(255, 234, 68, 255)
(255, 235, 69, 255)
(255, 239, 84, 255)
(255, 240, 101, 255)
(255, 238, 119, 255)
(255, 242, 129, 255)
(255, 243, 134, 255)
(255, 241, 129, 255)
(254, 240, 151, 255)
(253, 239, 178, 255)
(252, 242, 192, 255)
(251, 246, 207, 255)
(249, 249, 222, 255)
(248, 250, 231, 255)
(248, 252, 238, 255)
(247, 254, 244, 255)
(247, 254, 245, 255)
(247, 254, 245, 255)
(247, 254, 245, 255)
(247, 254, 245, 255)
(247, 254, 245, 255)
(247, 255, 246, 255)
(247, 255, 246, 255)
(247, 255, 246, 255)
(247, 255, 246, 255)
(247, 255, 246, 255)
(247, 255, 246, 255)
(247, 255, 246, 255)
(247, 255, 246, 255)
(247, 255, 246, 255)
(247, 255, 246, 255)
(247, 255, 246, 255)
(247, 255, 246, 255)
(247, 255, 246, 255)
(247, 255, 246, 255)
(247, 255, 246, 255)
(247, 255, 246, 255)
(247, 255, 246, 255)
(247, 255, 246, 255)
(247, 255, 246, 255)
(247, 255, 246, 255)
(247, 255, 246, 255)
(247, 255, 246, 255)
(247, 255, 246, 255)
(247, 255, 246, 255)
(247, 255, 246, 255)
(247, 255, 246, 255)
(247, 255, 246, 255)
(247, 255, 246, 255)
(247, 255, 246, 255)
(247, 255, 246, 255)
(247, 255, 246, 255)
(247, 255, 246, 255)
(247, 255, 246, 255)
(247, 255, 246, 255)
(247, 255, 246, 255)
(247, 255, 246, 255)
(247, 255, 246, 255)
(247, 255, 246, 255)
(247, 255, 246, 255)
(247, 255, 246, 255)
(247, 255, 246, 255)
(247, 255, 246, 255)
(247, 255, 246, 255)
(247, 255, 246, 255)
(247, 255, 246, 255)
(247, 255, 246, 255)
(246, 255, 245, 255)
(246, 255, 245, 255)
(246, 255, 245, 255)
(233, 244, 235, 255)
(202, 218, 211, 255)
(151, 175, 171, 255)
(101, 133, 134, 255)
(80, 115, 117, 255)
(70, 107, 110, 255)
(68, 105, 108, 255)
(80, 115, 117, 255)
(99, 131, 131, 255)
(129, 156, 154, 255)
(143, 167, 165, 255)
(151, 174, 171, 255)
(151, 174, 171, 255)
(151, 174, 170, 255)
(151, 174, 170, 255)
(151, 174, 170, 255)
(151, 174, 170, 255)
(151, 174, 170, 255)
(151, 174, 170, 255)
(151, 174, 170, 255)
(151, 174, 170, 255)
(151, 174, 170, 255)
(151, 174, 170, 255)
(150, 174, 170, 255)
(150, 173, 170, 255)
(150, 173, 170, 255)
(138, 164, 162, 255)
(121, 150, 149, 255)
(94, 127, 128, 255)
(77, 113, 115, 255)
(68, 105, 108, 255)
(145, 169, 166, 255)
(204, 219, 212, 255)
(239, 249, 239, 255)
(246, 254, 244, 255)
(246, 254, 244, 255)
(246, 254, 244, 255)
(246, 254, 244, 255)
(246, 254, 244, 255)
(246, 254, 244, 255)
(246, 254, 244, 255)
(246, 254, 244, 255)
(246, 254, 244, 255)
(246, 254, 244, 255)
(246, 254, 244, 255)
(246, 254, 244, 255)
(246, 254, 244, 255)
(246, 254, 244, 255)
(246, 254, 244, 255)
(246, 254, 244, 255)
(246, 254, 244, 255)
(246, 254, 244, 255)
(247, 255, 245, 255)
(247, 255, 245, 255)
(247, 255, 245, 255)
(247, 255, 245, 255)
(247, 255, 245, 255)
(247, 255, 245, 255)
(177, 245, 213, 255)
(111, 235, 183, 255)
(110, 236, 183, 255)
(110, 236, 183, 255)
(109, 237, 183, 255)
(109, 237, 183, 255)
(109, 237, 183, 255)
(109, 237, 183, 255)
(109, 237, 183, 255)
(128, 239, 191, 255)
(214, 251, 230, 255)
(247, 255, 245, 255)
(247, 255, 245, 255)
(247, 255, 245, 255)
(247, 255, 245, 255)
(247, 255, 245, 255)
(247, 255, 245, 255)
(247, 255, 245, 255)
(247, 255, 245, 255)
(247, 255, 245, 255)
(246, 254, 244, 255)
(246, 254, 244, 255)
(246, 254, 244, 255)
(246, 254, 244, 255)
(246, 254, 244, 255)
(246, 254, 244, 255)
(246, 254, 244, 255)
(246, 254, 244, 255)
(246, 255, 244, 255)
(246, 255, 244, 255)
(246, 255, 244, 255)
(246, 255, 244, 255)
(246, 255, 244, 255)
(247, 255, 245, 255)
(247, 255, 245, 255)
(247, 255, 245, 255)
(247, 255, 245, 255)
(247, 255, 245, 255)
(247, 255, 245, 255)
(247, 255, 245, 255)
(247, 255, 245, 255)
(247, 255, 245, 255)
(247, 255, 245, 255)
(247, 255, 245, 255)
(247, 255, 245, 255)
(247, 255, 245, 255)
(247, 255, 245, 255)
(247, 255, 245, 255)
(246, 255, 245, 255)
(246, 255, 245, 255)
(246, 255, 245, 255)
(246, 255, 245, 255)
(246, 255, 245, 255)
(246, 255, 245, 255)
(246, 255, 245, 255)
(246, 255, 245, 255)
(246, 255, 245, 255)
(246, 255, 245, 255)
(246, 255, 245, 255)
(246, 255, 245, 255)
(246, 255, 245, 255)
(246, 255, 245, 255)
(246, 255, 245, 255)
(246, 255, 245, 255)
(246, 255, 245, 255)
(246, 255, 245, 255)
(246, 255, 245, 255)
(246, 255, 245, 255)
(246, 255, 245, 255)
(246, 255, 245, 255)
(246, 255, 245, 255)
(246, 255, 245, 255)
(246, 255, 245, 255)
(246, 255, 245, 255)
(246, 255, 245, 255)
(246, 255, 245, 255)
(246, 255, 245, 255)
(246, 255, 245, 255)
(246, 255, 245, 255)
(245, 254, 244, 255)
(206, 221, 214, 255)
(155, 178, 174, 255)
(94, 126, 127, 255)
(70, 106, 109, 255)
(68, 105, 108, 255)
(71, 108, 111, 255)
(93, 126, 127, 255)
(138, 165, 162, 255)
(194, 212, 205, 255)
(239, 249, 239, 255)
(243, 253, 243, 255)
(245, 254, 244, 255)
(245, 254, 244, 255)
(245, 254, 244, 255)
(245, 254, 244, 255)
(245, 254, 244, 255)
(244, 253, 243, 255)
(235, 246, 236, 255)
(200, 216, 210, 255)
(152, 175, 172, 255)
(96, 129, 130, 255)
(78, 114, 116, 255)
(68, 105, 108, 255)
(68, 105, 108, 255)
(100, 131, 132, 255)
(142, 167, 165, 255)
(201, 217, 210, 255)
(232, 243, 233, 255)
(246, 255, 244, 255)
(246, 255, 244, 255)
(246, 255, 244, 255)
(246, 255, 244, 255)
(245, 254, 243, 255)
(245, 254, 243, 255)
(245, 254, 243, 255)
(244, 253, 242, 255)
(241, 251, 240, 255)
(203, 219, 211, 255)
(157, 180, 176, 255)
(100, 132, 132, 255)
(79, 114, 116, 255)
(68, 105, 108, 255)
(68, 105, 108, 255)
(94, 127, 128, 255)
(135, 161, 159, 255)
(194, 211, 204, 255)
(232, 243, 233, 255)
(243, 253, 242, 255)
(245, 254, 243, 255)
(245, 254, 243, 255)
(245, 254, 243, 255)
(245, 254, 243, 255)
(245, 254, 243, 255)
(245, 254, 243, 255)
(245, 254, 243, 255)
(245, 254, 243, 255)
(245, 254, 243, 255)
(245, 254, 243, 255)
(245, 254, 243, 255)
(245, 254, 243, 255)
(245, 254, 243, 255)
(245, 254, 243, 255)
(245, 254, 243, 255)
(245, 254, 243, 255)
(245, 254, 243, 255)
(245, 254, 243, 255)
(245, 254, 243, 255)
(245, 254, 243, 255)
(245, 254, 243, 255)
(245, 254, 243, 255)
(245, 254, 243, 255)
(245, 254, 243, 255)
(245, 254, 243, 255)
(245, 254, 243, 255)
(245, 254, 243, 255)
(245, 254, 243, 255)
(245, 255, 243, 255)
(246, 255, 244, 255)
(246, 255, 244, 255)
(246, 255, 244, 255)
(246, 255, 244, 255)
(246, 255, 244, 255)
(246, 255, 244, 255)
(246, 255, 244, 255)
(246, 255, 244, 255)
(246, 255, 244, 255)
(246, 255, 244, 255)
(246, 255, 244, 255)
(246, 255, 244, 255)
(246, 255, 244, 255)
(246, 255, 244, 255)
(246, 255, 244, 255)
(246, 255, 244, 255)
(246, 255, 244, 255)
(246, 255, 243, 255)
(245, 255, 242, 255)
(203, 234, 187, 255)
(169, 217, 142, 255)
(177, 219, 153, 255)
(187, 220, 168, 255)
(199, 223, 188, 255)
(229, 244, 224, 255)
(246, 255, 244, 255)
(246, 255, 244, 255)
(246, 255, 244, 255)
(246, 255, 244, 255)
(245, 255, 242, 255)
(240, 253, 236, 255)
(232, 250, 227, 255)
(211, 232, 205, 255)
(197, 223, 190, 255)
(189, 221, 182, 255)
(170, 210, 160, 255)
(152, 200, 138, 255)
(143, 193, 122, 255)
(138, 188, 114, 255)
(134, 185, 110, 255)
(133, 187, 112, 255)
(134, 187, 112, 255)
(138, 187, 113, 255)
(139, 189, 115, 255)
(140, 191, 117, 255)
(141, 192, 118, 255)
(142, 191, 118, 255)
(144, 189, 117, 255)
(144, 190, 117, 255)
(144, 190, 117, 255)
(143, 189, 117, 255)
(141, 187, 115, 255)
(139, 185, 113, 255)
(136, 180, 109, 255)
(132, 175, 104, 255)
(128, 170, 100, 255)
(118, 165, 98, 255)
(119, 170, 104, 255)
(129, 186, 117, 255)
(138, 199, 127, 255)
(145, 209, 134, 255)
(147, 211, 135, 255)
(148, 212, 135, 255)
(148, 212, 135, 255)
(148, 212, 135, 255)
(136, 193, 123, 255)
(111, 153, 98, 255)
(125, 172, 110, 255)
(140, 193, 122, 255)
(142, 195, 124, 255)
(143, 196, 124, 255)
(144, 195, 123, 255)
(144, 195, 122, 255)
(143, 194, 122, 255)
(142, 192, 121, 255)
(143, 192, 120, 255)
(143, 191, 119, 255)
(143, 190, 118, 255)
(142, 189, 117, 255)
(139, 186, 114, 255)
(116, 154, 94, 255)
(112, 150, 91, 255)
(131, 174, 106, 255)
(132, 175, 106, 255)
(130, 173, 105, 255)
(128, 172, 103, 255)
(126, 170, 101, 255)
(125, 168, 100, 255)
(122, 166, 98, 255)
(119, 162, 95, 255)
(115, 157, 90, 255)
(160, 191, 143, 255)
(205, 226, 197, 255)
(235, 247, 232, 255)
(245, 254, 243, 255)
(245, 254, 243, 255)
(245, 254, 243, 255)
(245, 254, 243, 255)
(245, 254, 243, 255)
(245, 254, 243, 255)
(245, 254, 243, 255)
(245, 254, 243, 255)
(245, 254, 243, 255)
(245, 254, 243, 255)
(245, 254, 243, 255)
(245, 254, 243, 255)
(245, 254, 243, 255)
(245, 254, 243, 255)
(245, 254, 243, 255)
(245, 255, 244, 255)
(245, 255, 244, 255)
(245, 255, 244, 255)
(245, 255, 244, 255)
(245, 255, 244, 255)
(245, 255, 244, 255)
(245, 255, 244, 255)
(245, 255, 244, 255)
(245, 255, 244, 255)
(245, 255, 244, 255)
(245, 255, 244, 255)
(245, 255, 244, 255)
(245, 255, 244, 255)
(245, 255, 244, 255)
(245, 255, 244, 255)
(245, 255, 244, 255)
(245, 255, 244, 255)
(245, 255, 244, 255)
(245, 255, 244, 255)
(245, 255, 244, 255)
(245, 255, 244, 255)
(245, 255, 244, 255)
(244, 254, 243, 255)
(244, 254, 243, 255)
(244, 254, 243, 255)
(244, 254, 243, 255)
(244, 254, 243, 255)
(244, 254, 243, 255)
(244, 254, 243, 255)
(244, 254, 243, 255)
(244, 254, 243, 255)
(244, 254, 243, 255)
(244, 254, 243, 255)
(244, 254, 243, 255)
(244, 254, 243, 255)
(244, 254, 243, 255)
(244, 254, 243, 255)
(244, 254, 243, 255)
(244, 254, 243, 255)
(244, 254, 243, 255)
(244, 254, 243, 255)
(244, 254, 243, 255)
(244, 254, 243, 255)
(244, 254, 243, 255)
(244, 254, 243, 255)
(244, 254, 243, 255)
(244, 254, 243, 255)
(244, 254, 243, 255)
(244, 255, 243, 255)
(244, 255, 243, 255)
(245, 255, 243, 255)
(245, 255, 243, 255)
(245, 255, 243, 255)
(245, 255, 243, 255)
(245, 255, 243, 255)
(245, 255, 243, 255)
(245, 255, 243, 255)
(245, 255, 243, 255)
(245, 255, 243, 255)
(245, 255, 243, 255)
(245, 255, 243, 255)
(245, 255, 243, 255)
(245, 255, 243, 255)
(245, 255, 243, 255)
(245, 255, 243, 255)
(245, 255, 243, 255)
(245, 255, 243, 255)
(245, 255, 243, 255)
(228, 241, 230, 255)
(194, 213, 205, 255)
(137, 164, 161, 255)
(93, 126, 127, 255)
(83, 117, 119, 255)
(79, 114, 116, 255)
(77, 113, 115, 255)
(76, 112, 114, 255)
(73, 109, 112, 255)
(69, 106, 109, 255)
(68, 105, 108, 255)
(70, 106, 109, 255)
(75, 111, 113, 255)
(77, 112, 114, 255)
(77, 112, 115, 255)
(77, 113, 115, 255)
(77, 113, 115, 255)
(77, 113, 115, 255)
(77, 113, 115, 255)
(77, 113, 115, 255)
(77, 113, 115, 255)
(77, 113, 115, 255)
(77, 113, 115, 255)
(77, 112, 115, 255)
(74, 110, 113, 255)
(70, 107, 110, 255)
(70, 107, 110, 255)
(80, 115, 117, 255)
(110, 141, 140, 255)
(170, 191, 185, 255)
(235, 246, 234, 255)
(241, 252, 240, 255)
(245, 255, 243, 255)
(245, 255, 243, 255)
(245, 255, 243, 255)
(245, 255, 243, 255)
(245, 255, 243, 255)
(245, 255, 243, 255)
(245, 255, 243, 255)
(245, 255, 243, 255)
(245, 255, 243, 255)
(245, 255, 243, 255)
(245, 255, 243, 255)
(245, 255, 243, 255)
(245, 255, 243, 255)
(245, 255, 243, 255)
(245, 255, 243, 255)
(245, 255, 243, 255)
(245, 255, 243, 255)
(245, 255, 243, 255)
(245, 255, 243, 255)
(245, 255, 243, 255)
(245, 255, 243, 255)
(245, 255, 243, 255)
(245, 255, 243, 255)
(245, 255, 243, 255)
(201, 249, 223, 255)
(118, 236, 186, 255)
(110, 236, 183, 255)
(110, 237, 183, 255)
(109, 237, 183, 255)
(109, 237, 183, 255)
(109, 237, 183, 255)
(109, 237, 183, 255)
(154, 243, 203, 255)
(238, 254, 240, 255)
(245, 255, 243, 255)
(245, 255, 243, 255)
(245, 255, 243, 255)
(245, 255, 243, 255)
(245, 255, 243, 255)
(245, 255, 243, 255)
(245, 255, 243, 255)
(245, 255, 243, 255)
(245, 255, 243, 255)
(245, 255, 243, 255)
(245, 255, 243, 255)
(245, 255, 243, 255)
(245, 255, 243, 255)
(245, 255, 243, 255)
(245, 255, 243, 255)
(245, 255, 243, 255)
(245, 255, 243, 255)
(245, 255, 243, 255)
(245, 255, 243, 255)
(245, 255, 243, 255)
(245, 255, 243, 255)
(245, 255, 243, 255)
(245, 255, 243, 255)
(245, 255, 243, 255)
(245, 255, 243, 255)
(245, 255, 243, 255)
(245, 255, 243, 255)
(245, 255, 243, 255)
(245, 255, 243, 255)
(245, 255, 243, 255)
(245, 255, 243, 255)
(245, 255, 243, 255)
(245, 255, 243, 255)
(244, 254, 242, 255)
(244, 254, 242, 255)
(244, 254, 242, 255)
(244, 254, 242, 255)
(244, 254, 242, 255)
(244, 254, 242, 255)
(244, 254, 242, 255)
(244, 254, 242, 255)
(244, 254, 242, 255)
(244, 254, 242, 255)
(244, 254, 242, 255)
(244, 254, 242, 255)
(244, 254, 242, 255)
(244, 254, 242, 255)
(244, 254, 242, 255)
(244, 254, 242, 255)
(244, 254, 242, 255)
(244, 254, 242, 255)
(244, 254, 242, 255)
(244, 254, 242, 255)
(244, 254, 242, 255)
(244, 254, 242, 255)
(244, 254, 242, 255)
(244, 254, 242, 255)
(244, 254, 242, 255)
(244, 254, 242, 255)
(244, 254, 242, 255)
(245, 255, 243, 255)
(245, 255, 243, 255)
(245, 255, 243, 255)
(245, 255, 243, 255)
(245, 255, 243, 255)
(245, 255, 243, 255)
(245, 255, 243, 255)
(245, 255, 243, 255)
(245, 255, 243, 255)
(245, 255, 243, 255)
(207, 223, 214, 255)
(137, 164, 161, 255)
(98, 130, 131, 255)
(72, 108, 111, 255)
(69, 106, 109, 255)
(73, 109, 112, 255)
(88, 122, 123, 255)
(152, 176, 172, 255)
(200, 218, 209, 255)
(236, 249, 236, 255)
(241, 253, 240, 255)
(244, 255, 242, 255)
(244, 255, 242, 255)
(244, 255, 242, 255)
(244, 255, 242, 255)
(244, 255, 242, 255)
(244, 255, 242, 255)
(244, 255, 242, 255)
(244, 255, 242, 255)
(244, 255, 242, 255)
(244, 255, 242, 255)
(244, 255, 242, 255)
(244, 255, 242, 255)
(244, 255, 242, 255)
(244, 255, 242, 255)
(244, 255, 242, 255)
(244, 255, 242, 255)
(244, 255, 242, 255)
(244, 255, 242, 255)
(244, 255, 242, 255)
(244, 255, 242, 255)
(244, 255, 242, 255)
(244, 255, 242, 255)
(244, 255, 242, 255)
(244, 255, 242, 255)
(243, 254, 241, 255)
(240, 251, 238, 255)
(199, 217, 208, 255)
(147, 173, 168, 255)
(103, 135, 135, 255)
(78, 113, 116, 255)
(68, 105, 108, 255)
(69, 105, 108, 255)
(91, 124, 125, 255)
(154, 178, 174, 255)
(200, 218, 209, 255)
(236, 248, 236, 255)
(241, 253, 240, 255)
(244, 255, 242, 255)
(244, 255, 242, 255)
(244, 255, 242, 255)
(244, 255, 242, 255)
(244, 255, 242, 255)
(244, 255, 242, 255)
(244, 255, 242, 255)
(244, 255, 242, 255)
(244, 255, 242, 255)
(244, 255, 242, 255)
(244, 255, 242, 255)
(244, 255, 242, 255)
(244, 255, 242, 255)
(244, 255, 242, 255)
(244, 255, 242, 255)
(244, 255, 242, 255)
(244, 255, 242, 255)
(244, 255, 242, 255)
(244, 255, 242, 255)
(244, 255, 242, 255)
(244, 255, 242, 255)
(244, 255, 242, 255)
(244, 255, 242, 255)
(244, 255, 242, 255)
(244, 255, 242, 255)
(244, 255, 242, 255)
(244, 255, 242, 255)
(244, 255, 242, 255)
(244, 255, 242, 255)
(244, 255, 242, 255)
(244, 255, 242, 255)
(244, 255, 242, 255)
(244, 255, 242, 255)
(244, 255, 242, 255)
(244, 255, 242, 255)
(244, 255, 242, 255)
(244, 255, 242, 255)
(244, 255, 242, 255)
(244, 255, 242, 255)
(244, 255, 242, 255)
(244, 255, 242, 255)
(244, 255, 242, 255)
(244, 255, 242, 255)
(244, 255, 242, 255)
(244, 255, 242, 255)
(244, 255, 242, 255)
(244, 255, 242, 255)
(244, 255, 242, 255)
(244, 255, 242, 255)
(244, 255, 242, 255)
(244, 255, 242, 255)
(244, 255, 242, 255)
(243, 255, 241, 255)
(243, 254, 241, 255)
(243, 254, 241, 255)
(243, 254, 241, 255)
(243, 254, 241, 255)
(243, 254, 241, 255)
(243, 254, 241, 255)
(243, 254, 241, 255)
(243, 254, 241, 255)
(243, 254, 241, 255)
(243, 254, 241, 255)
(243, 254, 241, 255)
(243, 254, 241, 255)
(243, 254, 241, 255)
(243, 254, 241, 255)
(243, 254, 241, 255)
(243, 254, 241, 255)
(243, 254, 241, 255)
(243, 254, 241, 255)
(243, 254, 241, 255)
(243, 254, 241, 255)
(243, 254, 241, 255)
(243, 254, 241, 255)
(243, 254, 241, 255)
(243, 254, 241, 255)
(244, 255, 242, 255)
(244, 255, 242, 255)
(244, 255, 242, 255)
(244, 255, 242, 255)
(244, 255, 242, 255)
(244, 255, 242, 255)
(244, 255, 242, 255)
(244, 255, 242, 255)
(244, 255, 242, 255)
(244, 255, 242, 255)
(244, 255, 242, 255)
(243, 253, 240, 255)
(243, 250, 237, 255)
(230, 240, 240, 255)
(219, 230, 240, 255)
(212, 222, 232, 255)
(206, 216, 225, 255)
(200, 208, 217, 255)
(188, 191, 203, 255)
(180, 181, 194, 255)
(175, 176, 189, 255)
(178, 179, 186, 255)
(176, 180, 185, 255)
(167, 175, 185, 255)
(178, 189, 200, 255)
(193, 206, 220, 255)
(206, 219, 234, 255)
(213, 227, 243, 255)
(215, 232, 249, 255)
(218, 235, 250, 255)
(216, 233, 246, 255)
(206, 222, 236, 255)
(196, 209, 222, 255)
(194, 203, 212, 255)
(223, 227, 232, 255)
(240, 243, 246, 255)
(248, 252, 255, 255)
(247, 251, 255, 255)
(243, 248, 253, 255)
(233, 241, 248, 255)
(196, 202, 208, 255)
(157, 159, 165, 255)
(138, 139, 148, 255)
(137, 137, 148, 255)
(149, 149, 162, 255)
(130, 132, 143, 255)
(118, 122, 132, 255)
(118, 125, 134, 255)
(131, 140, 151, 255)
(146, 157, 169, 255)
(153, 161, 173, 255)
(156, 162, 173, 255)
(154, 159, 170, 255)
(143, 148, 158, 255)
(137, 141, 149, 255)
(140, 143, 145, 255)
(183, 189, 185, 255)
(227, 238, 228, 255)
(238, 249, 237, 255)
(242, 254, 240, 255)
(242, 254, 240, 255)
(242, 254, 240, 255)
(242, 254, 240, 255)
(242, 254, 240, 255)
(242, 254, 240, 255)
(242, 254, 240, 255)
(243, 255, 241, 255)
(242, 254, 240, 255)
(242, 254, 240, 255)
(242, 254, 240, 255)
(242, 254, 240, 255)
(242, 254, 240, 255)
(242, 254, 240, 255)
(242, 254, 240, 255)
(242, 254, 240, 255)
(242, 254, 240, 255)
(242, 254, 240, 255)
(242, 254, 240, 255)
(242, 254, 240, 255)
(242, 254, 240, 255)
(242, 254, 240, 255)
(242, 254, 240, 255)
(242, 254, 240, 255)
(242, 254, 240, 255)
(242, 254, 240, 255)
(242, 254, 240, 255)
(242, 254, 240, 255)
(242, 254, 240, 255)
(242, 254, 240, 255)
(242, 254, 240, 255)
(243, 255, 241, 255)
(243, 255, 241, 255)
(243, 255, 241, 255)
(243, 255, 241, 255)
(243, 255, 241, 255)
(243, 255, 241, 255)
(243, 255, 241, 255)
(243, 255, 241, 255)
(243, 255, 241, 255)
(243, 255, 241, 255)
(243, 255, 241, 255)
(243, 255, 241, 255)
(243, 255, 241, 255)
(243, 255, 241, 255)
(243, 255, 241, 255)
(243, 255, 241, 255)
(243, 255, 241, 255)
(243, 255, 241, 255)
(243, 255, 241, 255)
(243, 255, 241, 255)
(243, 255, 241, 255)
(243, 255, 241, 255)
(243, 255, 241, 255)
(243, 255, 241, 255)
(243, 255, 241, 255)
(243, 255, 241, 255)
(243, 255, 241, 255)
(243, 255, 241, 255)
(243, 255, 241, 255)
(243, 255, 241, 255)
(243, 255, 241, 255)
(243, 255, 241, 255)
(243, 255, 241, 255)
(243, 255, 241, 255)
(243, 255, 241, 255)
(243, 255, 241, 255)
(243, 255, 241, 255)
(242, 255, 241, 255)
(241, 254, 240, 255)
(239, 252, 238, 255)
(239, 252, 238, 255)
(239, 252, 237, 255)
(239, 252, 237, 255)
(239, 252, 237, 255)
(239, 252, 237, 255)
(239, 252, 237, 255)
(239, 252, 237, 255)
(239, 252, 237, 255)
(239, 252, 237, 255)
(239, 252, 237, 255)
(239, 252, 237, 255)
(239, 252, 237, 255)
(239, 252, 237, 255)
(239, 252, 237, 255)
(237, 250, 236, 255)
(231, 244, 232, 255)
(207, 224, 214, 255)
(150, 176, 171, 255)
(75, 111, 113, 255)
(87, 121, 122, 255)
(118, 148, 146, 255)
(175, 197, 190, 255)
(213, 229, 218, 255)
(239, 252, 237, 255)
(239, 252, 237, 255)
(239, 252, 237, 255)
(239, 252, 237, 255)
(239, 252, 237, 255)
(240, 252, 238, 255)
(243, 255, 241, 255)
(243, 255, 241, 255)
(243, 255, 241, 255)
(243, 255, 241, 255)
(243, 255, 241, 255)
(243, 255, 241, 255)
(243, 255, 241, 255)
(243, 255, 241, 255)
(243, 255, 241, 255)
(243, 255, 241, 255)
(243, 255, 241, 255)
(243, 255, 241, 255)
(243, 255, 241, 255)
(243, 255, 241, 255)
(243, 255, 241, 255)
(243, 255, 241, 255)
(243, 255, 241, 255)
(243, 255, 241, 255)
(243, 255, 241, 255)
(243, 255, 241, 255)
(243, 255, 241, 255)
(243, 255, 241, 255)
(243, 255, 241, 255)
(243, 255, 241, 255)
(243, 255, 241, 255)
(243, 255, 241, 255)
(224, 252, 232, 255)
(142, 240, 196, 255)
(110, 236, 183, 255)
(109, 237, 183, 255)
(109, 237, 183, 255)
(109, 237, 183, 255)
(109, 237, 183, 255)
(109, 237, 183, 255)
(128, 240, 191, 255)
(212, 251, 226, 255)
(243, 255, 240, 255)
(243, 255, 240, 255)
(243, 255, 240, 255)
(242, 254, 240, 255)
(242, 254, 239, 255)
(242, 254, 239, 255)
(242, 254, 239, 255)
(242, 254, 239, 255)
(242, 254, 239, 255)
(242, 254, 239, 255)
(242, 254, 239, 255)
(242, 254, 239, 255)
(243, 255, 239, 255)
(243, 255, 239, 255)
(243, 255, 239, 255)
(243, 255, 239, 255)
(243, 255, 239, 255)
(243, 255, 239, 255)
(243, 255, 239, 255)
(243, 255, 239, 255)
(243, 255, 240, 255)
(243, 255, 240, 255)
(243, 255, 239, 255)
(243, 255, 239, 255)
(243, 255, 239, 255)
(242, 255, 239, 255)
(242, 255, 239, 255)
(242, 254, 239, 255)
(242, 254, 239, 255)
(242, 254, 239, 255)
(242, 254, 239, 255)
(243, 255, 239, 255)
(243, 255, 240, 255)
(243, 255, 240, 255)
(243, 255, 240, 255)
(243, 255, 240, 255)
(243, 255, 240, 255)
(243, 255, 240, 255)
(243, 255, 240, 255)
(243, 255, 240, 255)
(243, 255, 240, 255)
(243, 255, 240, 255)
(243, 255, 240, 255)
(242, 255, 239, 255)
(242, 254, 239, 255)
(242, 254, 239, 255)
(242, 254, 239, 255)
(242, 254, 239, 255)
(242, 254, 239, 255)
(242, 254, 239, 255)
(242, 254, 239, 255)
(240, 252, 237, 255)
(236, 249, 233, 255)
(225, 237, 223, 255)
(216, 228, 215, 255)
(216, 228, 215, 255)
(216, 228, 215, 255)
(213, 226, 213, 255)
(151, 178, 172, 255)
(93, 148, 151, 255)
(39, 137, 152, 255)
(31, 136, 152, 255)
(31, 136, 152, 255)
(31, 136, 152, 255)
(30, 135, 151, 255)
(29, 134, 150, 255)
(29, 134, 150, 255)
(29, 134, 150, 255)
(29, 134, 150, 255)
(29, 134, 150, 255)
(50, 152, 153, 255)
(133, 223, 167, 255)
(163, 248, 172, 255)
(160, 245, 172, 255)
(114, 207, 163, 255)
(71, 170, 156, 255)
(32, 137, 152, 255)
(26, 132, 151, 255)
(26, 132, 151, 255)
(26, 132, 151, 255)
(26, 132, 151, 255)
(26, 132, 151, 255)
(27, 133, 150, 255)
(28, 133, 150, 255)
(29, 134, 150, 255)
(29, 134, 150, 255)
(29, 134, 150, 255)
(29, 134, 150, 255)
(29, 134, 150, 255)
(29, 134, 150, 255)
(29, 134, 150, 255)
(29, 134, 150, 255)
(29, 134, 150, 255)
(29, 134, 150, 255)
(29, 134, 150, 255)
(29, 134, 150, 255)
(29, 134, 150, 255)
(29, 134, 150, 255)
(29, 134, 150, 255)
(29, 134, 150, 255)
(29, 134, 150, 255)
(29, 134, 150, 255)
(29, 134, 150, 255)
(29, 134, 150, 255)
(29, 134, 150, 255)
(29, 134, 150, 255)
(29, 134, 150, 255)
(29, 134, 150, 255)
(29, 134, 150, 255)
(28, 133, 151, 255)
(27, 133, 151, 255)
(26, 132, 151, 255)
(26, 132, 151, 255)
(26, 132, 151, 255)
(29, 135, 152, 255)
(37, 142, 154, 255)
(51, 156, 157, 255)
(90, 191, 167, 255)
(125, 225, 177, 255)
(133, 241, 185, 255)
(136, 246, 188, 255)
(136, 246, 188, 255)
(132, 242, 187, 255)
(118, 227, 182, 255)
(92, 200, 173, 255)
(63, 168, 162, 255)
(39, 143, 154, 255)
(33, 137, 152, 255)
(30, 134, 150, 255)
(29, 133, 149, 255)
(29, 133, 149, 255)
(29, 133, 149, 255)
(29, 133, 149, 255)
(29, 133, 149, 255)
(29, 133, 149, 255)
(29, 133, 149, 255)
(29, 133, 149, 255)
(29, 134, 150, 255)
(29, 134, 150, 255)
(29, 134, 150, 255)
(29, 134, 150, 255)
(29, 134, 150, 255)
(29, 134, 150, 255)
(29, 134, 150, 255)
(29, 134, 150, 255)
(29, 134, 150, 255)
(29, 134, 150, 255)
(29, 134, 150, 255)
(29, 134, 150, 255)
(29, 134, 150, 255)
(29, 134, 150, 255)
(29, 134, 150, 255)
(29, 134, 150, 255)
(29, 134, 150, 255)
(29, 134, 150, 255)
(29, 134, 150, 255)
(29, 134, 150, 255)
(29, 134, 150, 255)
(29, 134, 150, 255)
(29, 134, 150, 255)
(29, 134, 150, 255)
(29, 134, 150, 255)
(29, 134, 150, 255)
(29, 134, 150, 255)
(29, 133, 149, 255)
(29, 133, 149, 255)
(29, 133, 149, 255)
(31, 134, 150, 255)
(50, 161, 163, 255)
(78, 199, 183, 255)
(97, 226, 196, 255)
(101, 232, 199, 255)
(88, 213, 190, 255)
(55, 169, 167, 255)
(29, 134, 150, 255)
(29, 134, 150, 255)
(29, 134, 150, 255)
(29, 134, 150, 255)
(29, 134, 150, 255)
(29, 134, 150, 255)
(29, 134, 150, 255)
(30, 134, 151, 255)
(30, 135, 151, 255)
(30, 136, 151, 255)
(34, 98, 112, 255)
(44, 48, 63, 255)
(103, 85, 100, 255)
(159, 125, 144, 255)
(213, 168, 193, 255)
(201, 159, 183, 255)
(184, 147, 170, 255)
(182, 148, 174, 255)
(164, 133, 158, 255)
(140, 113, 134, 255)
(130, 106, 127, 255)
(125, 104, 127, 255)
(124, 108, 134, 255)
(193, 155, 177, 255)
(250, 193, 211, 255)
(252, 191, 207, 255)
(253, 190, 204, 255)
(252, 188, 201, 255)
(248, 182, 195, 255)
(241, 175, 186, 255)
(229, 164, 174, 255)
(218, 152, 160, 255)
(209, 141, 147, 255)
(201, 130, 136, 255)
(207, 136, 143, 255)
(219, 149, 157, 255)
(221, 153, 161, 255)
(222, 156, 164, 255)
(221, 157, 165, 255)
(228, 164, 173, 255)
(208, 151, 161, 255)
(112, 85, 96, 255)
(73, 61, 74, 255)
(60, 58, 73, 255)
(66, 65, 80, 255)
(69, 69, 84, 255)
(69, 69, 85, 255)
(67, 61, 74, 255)
(77, 64, 75, 255)
(118, 96, 111, 255)
(184, 149, 172, 255)
(255, 206, 239, 255)
(255, 206, 234, 255)
(255, 206, 232, 255)
(255, 206, 231, 255)
(253, 203, 222, 255)
(246, 196, 200, 255)
(223, 183, 148, 255)
(233, 207, 160, 255)
(255, 245, 199, 255)
(255, 252, 207, 255)
(255, 255, 210, 255)
(255, 255, 209, 255)
(255, 255, 209, 255)
(255, 255, 209, 255)
(254, 254, 208, 255)
(254, 254, 207, 255)
(255, 255, 206, 255)
(255, 254, 206, 255)
(255, 235, 208, 255)
(255, 199, 211, 255)
(255, 195, 210, 255)
(254, 193, 207, 255)
(251, 188, 201, 255)
(242, 176, 187, 255)
(230, 160, 169, 255)
(222, 149, 157, 255)
(228, 172, 160, 255)
(252, 230, 180, 255)
(255, 227, 180, 255)
(255, 222, 178, 255)
(253, 223, 176, 255)
(251, 222, 174, 255)
(249, 221, 172, 255)
(247, 218, 171, 255)
(244, 216, 168, 255)
(241, 214, 165, 255)
(241, 236, 206, 255)
(242, 255, 239, 255)
(0, 0, 0, 255)
(0, 0, 0, 255)
(0, 0, 0, 255)
(0, 0, 0, 255)
(0, 0, 0, 255)
(0, 0, 0, 255)
(0, 0, 0, 255)
(0, 0, 0, 255)
(0, 0, 0, 255)
(0, 0, 0, 255)
(0, 0, 0, 255)
(0, 0, 0, 255)
(0, 0, 0, 255)
(0, 0, 0, 255)
(0, 0, 0, 255)
(0, 0, 0, 255)
(0, 0, 0, 255)
(0, 0, 0, 255)
(128, 128, 128, 255)
(128, 128, 128, 255)
(128, 128, 128, 255)
(128, 128, 128, 255)
(128, 128, 128, 255)
(128, 128, 128, 255)
(128, 128, 128, 255)
(128, 128, 128, 255)
(128, 128, 128, 255)
(0, 0, 0, 255)
(0, 0, 0, 255)
(0, 0, 0, 255)
(0, 0, 0, 255)
(0, 0, 0, 255)
(0, 0, 0, 255)
(0, 0, 0, 255)
(0, 0, 0, 255)
(0, 0, 0, 255)
(0, 0, 0, 255)
(0, 0, 0, 255)
(0, 0, 0, 255)
(0, 0, 0, 255)
(0, 0, 0, 255)
(0, 0, 0, 255)
(0, 0, 0, 255)
(0, 0, 0, 255)
(0, 0, 0, 255)
(0, 0, 0, 255)
(0, 0, 0, 255)
(0, 0, 0, 255)
